kinematics:
  shoulder:
    x: 0
    y: 0
    z: 0.1625525664951228
    roll: -0
    pitch: 0
    yaw: -8.499353019650324e-08
  upper_arm:
    x: 0.0001590968677859478
    y: 0
    z: 0
    roll: 1.57088339259952
    pitch: 0
    yaw: 1.183486930442177e-06
  forearm:
    x: -0.4250443772492348
    y: 0
    z: 0
    roll: 0.000157977659038627
    pitch: -0.0006116943651285804
    yaw: -5.831445832842864e-06
  wrist_1:
    x: -0.3922623991781969
    y: -0.0008979267471507248
    z: 0.1337140743051019
    roll: 0.006715173813019756
    pitch: 0.001491579636580983
    yaw: -9.146925351114486e-06
  wrist_2:
    x: -4.780058222808879e-05
    y: -0.09973147638299508
    z: 8.160624886113913e-05
    roll: 1.569978067268339
    pitch: 0
    yaw: -4.204181421260667e-07
  wrist_3:
    x: 5.033232455558672e-05
    y: 0.09962122950208095
    z: -2.450769980131459e-05
    roll: 1.570550317993064
    pitch: 3.141592653589793
    yaw: 3.141592527868678
  hash: calib_12975327426395164723
